sample	ENSG00000091542.8	ENSG00000186352.8	ENSG00000134107.4	ENSG00000176171.11	ENSG00000104765.14	ENSG00000164096.12	ENSG00000241852.9	ENSG00000179335.18	ENSG00000115866.10	ENSG00000168209.4	ENSG00000114023.15	ENSG00000114480.12	ENSG00000135245.9	ENSG00000159399.9	ENSG00000115548.16	ENSG00000134333.13	ENSG00000140941.12	ENSG00000151092.16	ENSG00000139496.15	ENSG00000122884.12	ENSG00000152256.13	ENSG00000170525.18	ENSG00000114268.11	ENSG00000102144.13	ENSG00000152952.11	ENSG00000135241.16	ENSG00000146278.10	ENSG00000143847.15	ENSG00000235194.8	ENSG00000099194.5	ENSG00000127526.13	ENSG00000076554.15	ENSG00000167397.14	ENSG00000188994.12
TCGA-E9-A54X-01	5.3944	4.8625	6.6254	6.7752	7.1361	6.377	3.5718	5.8397	6.4859	8.0647	7.0165	4.0392	5.4771	5.4797	4.7203	10.6168	5.7493	4.1392	3.7582	6.8262	3.5073	6.6629	5.1575	10.2653	5.8927	4.1384	5.6893	1.412	2.7051	7.7739	4.9031	7.2717	7.705	2.6255
TCGA-D8-A1JA-01	5.281	4.421	6.3427	6.366	7.2803	6.5844	3.4384	4.9298	6.0896	4.7981	6.3672	5.096	6.1817	6.2128	5.5479	10.7083	6.0279	4.3413	3.865	7.3351	4.3017	5.6136	3.8136	10.194	5.7976	4.5324	6.7557	-0.6873	2.2543	8.4432	5.3537	7.3863	6.7785	4.2072
TCGA-E9-A1RH-01	6.0614	3.7496	7.4721	5.7921	6.5351	6.3381	2.7336	4.2373	7.3396	8.3876	6.6628	5.7439	7.4529	6.0544	5.5386	9.628	4.9232	4.4542	4.0833	8.1383	3.5274	5.428	2.6371	9.5766	7.8336	3.9617	6.6717	-0.3752	2.4332	5.9236	5.9175	7.3852	6.5492	2.9432
TCGA-BH-A1FN-01	6.056	2.7615	6.9922	6.8763	6.2136	6.115	1.8604	3.6748	6.5328	6.8691	6.4207	4.49	5.2285	4.5448	4.0207	10.6281	5.4023	4.5442	4.8585	8.5966	4.1036	5.706	3.3549	10.3996	7.6678	3.7072	6.4743	2.3592	1.5064	6.8282	5.1603	7.0361	7.2598	4.0807
TCGA-E9-A1RC-01	5.7986	3.7006	6.9394	6.5311	7.5104	7.0133	3.0808	3.002	6.4788	6.0783	7.1415	4.6764	5.9614	4.834	4.6095	10.0103	5.1281	4.0001	4.1161	6.2407	3.6335	6.127	3.1011	9.9531	5.9989	4.0858	5.218	2.9581	3.5161	6.5314	4.696	7.9913	7.1983	3.7815
TCGA-C8-A26Y-01	5.9616	3.9478	7.2191	5.673	5.8939	6.2649	2.4225	5	5.8105	5.4403	6.1235	4.7704	8.3602	7.387	4.9065	8.9602	5.6445	4.9851	3.8857	5.4473	3.8541	4.2736	3.0671	9.5074	5.5053	5.0756	6.2945	2.8137	2.8582	8.45	4.523	5.8731	7.4369	2.4623
TCGA-D8-A1J8-01	5.4944	4.0295	6.4273	6.1607	7.1341	5.9343	2.183	3.9663	6.6237	4.3299	6.777	4.6393	6.6792	6.558	5.7288	10.1835	5.5258	4.2404	4.7334	6.7158	4.3965	5.5469	2.0289	10.3857	5.3586	4.7913	6.4619	0.3573	2.9893	6.1428	5.6029	7.1298	7.1081	3.6018
TCGA-D8-A1JK-01	5.897	4.533	6.1587	6.3082	5.4132	6.7126	1.9264	4.7318	4.975	7.2171	6.7427	4.6142	7.5823	6.3111	4.5946	9.7227	5.3772	3.9765	3.5706	6.2417	4.3053	5.1048	3.4596	9.7498	6.1115	3.8441	6.4405	0.7321	2.496	7.9957	5.2365	7.391	7.5403	2.3423
TCGA-AQ-A0Y5-01	5.14	3.6184	6.8868	6.1956	6.1117	6.1703	2.0742	4.6035	6.1102	8.0328	5.8987	4.523	5.97	5.8022	4.8289	10.5569	5.6268	3.9956	4.1716	6.9905	3.9829	4.9514	2.876	10.658	5.0479	4.0401	6.1123	0.03	2.128	9.6309	4.4964	7.5713	6.4276	3.5766
TCGA-B6-A0X4-01	6.0286	4.7986	7.348	6.2922	6.1627	5.632	2.3536	5.0166	6.2058	5.2028	5.9784	4.7415	5.044	4.6594	4.9538	9.6987	5.5898	4.0109	3.6883	5.8273	3.5387	5.3817	4.3206	8.8064	4.8881	4.1036	6.4118	2.0604	4.0858	7.5922	4.8455	7.2013	6.8695	3.5022
TCGA-D8-A143-01	6.6213	3.8023	6.0376	6.7565	5.5264	5.1684	1.7828	4.0162	6.374	8.9	7.5451	4.7253	5.0972	5.6865	5.0989	9.6405	5.2506	4.4874	3.2587	6.1989	4.1294	4.5687	3.3307	10.1028	6.5233	3.3221	5.9493	0.9268	2.6208	6.3165	5.1962	6.5671	7.8468	2.7931
TCGA-A7-A13D-01	5.10409756607	4.40810268524	5.88698944471	5.60182570237	5.36345112705	6.28521679488	2.44299982097	4.67436061518	5.48837485947	7.58400951209	5.92254318462	4.45491654777	4.71118725213	5.80051507463	5.52267998439	9.27312555576	4.53177775203	3.63044871545	4.36465089253	6.47075535543	4.94147650253	5.68193301878	4.42586990288	9.64921669629	6.22732883157	4.04242336492	5.96753371503	2.61138549514	1.78000703244	6.14079874343	5.96139622352	7.1512088786	5.7853974113	4.04216958594
TCGA-D8-A1JM-01	5.7947	6.0564	6.9324	6.1649	4.9824	5.5448	1.5415	5.0326	5.7616	8.8327	6.6104	4.2041	5.5494	4.2676	4.8545	10.3133	6.1065	3.2781	3.6804	6.2743	4.6949	4.2009	2.1734	8.5973	6.0879	3.755	7.8714	1.2023	1.3846	6.3043	5.2814	6.9784	7.6869	3.0446
TCGA-C8-A12L-01	5.4057	3.3163	7.5564	4.4357	5.6688	6.6968	2.3394	4.5311	5.6818	6.5947	5.7822	5.6795	5.8238	6.0112	5.4932	9.7461	4.6955	4.5015	3.2796	5.7661	3.6486	6.824	3.2328	9.0981	5.9493	3.4752	6.6138	1.6187	1.1706	6.9111	5.403	6.4293	6.9882	3.7909
TCGA-AN-A0FV-01	5.6617	4.3625	6.5706	5.7814	5.6276	6.4147	1.9302	4.9146	5.5233	6.1202	6.8774	4.0278	4.7698	5.2292	4.3695	10.309	5.7071	4.4344	4.3046	6.8266	4.6236	3.483	3.9783	10.558	4.1628	4.0523	4.8758	0.3231	2.9655	9.3551	4.7887	8.089	6.5693	2.2299
TCGA-D8-A1XQ-01	5.686	3.9847	5.2461	6.5934	5.5411	6.0453	3.8461	4.8095	5.6062	7.5929	6.8868	3.9765	4.6938	5.6605	4.9686	8.8145	5.5796	3.869	3.4635	6.1617	3.7345	4.8197	3.3119	9.3841	6.4599	3.9365	6.5832	0.5568	1.692	7.7164	4.582	9.0286	6.7252	1.8879
TCGA-AC-A23E-01	4.9846	3.0808	7.565	5.7735	7.3318	6.5506	2.3394	3.9459	5.6761	6.4655	7.4443	4.9996	4.6485	4.6815	4.429	10.1219	4.7877	4.1027	3.6018	6.6892	2.5585	6.2126	2.296	10.3353	5.8268	3.7226	5.5138	1.0433	2.118	7.868	5.0009	7.4403	6.8555	2.7679
TCGA-A2-A4RX-01	5.3042	3.9838	7.4261	4.5454	6.6692	5.8622	3.7193	4.9714	5.5973	6.1942	6.2956	5.2149	4.2312	5.2211	4.8788	9.8768	4.9589	3.6301	3.7529	4.711	3.838	5.2048	3.5324	9.4151	5.4754	3.421	6.2767	2.9281	3.1733	5.9832	4.741	6.3832	6.7553	3.1765
TCGA-D8-A1JJ-01	4.9969	2.9167	6.094	5.6505	5.8632	6.4639	1.683	4.9322	6.0255	6.0266	6.0352	4.4861	4.8375	4.6905	5.0423	10.376	5.2563	3.9185	4.1708	6.5601	3.3993	4.9379	3.0181	8.9103	6.2666	3.8973	5.752	1.1641	1.8957	8.037	4.6662	8.3049	6.9553	3.6657
TCGA-BH-A0WA-01	5.3392	3.8228	5.0157	6.0457	4.862	6.3445	1.4962	5.1404	6.5803	6.1567	6.3744	4.3723	5.2906	4.5553	4.6832	9.7116	5.1583	3.5362	3.8013	6.5151	4.5349	4.6877	3.0791	9.4815	6.9431	3.7324	5.9894	1.8242	1.3623	7.092	4.773	7.9348	7.4637	3.1717
TCGA-A8-A08J-01	5.0943	3.7204	6.4906	6.2436	4.8719	6.3763	1.6234	4.8734	5.5592	5.8493	6.3616	3.5523	5.4476	5.018	4.4523	9.5641	5.429	4.6422	4.9887	6.1627	3.3979	5.0845	4.425	10.1274	5.0854	3.3689	5.0444	1.3846	2.2842	8.5934	4.5675	8.1101	6.924	2.0912
TCGA-C8-A12Z-01	4.8992	3.0323	7.1797	6.0184	5.0875	6.1336	0.9935	4.6206	5.6733	7.9346	6.0851	3.8905	7.3094	5.1081	3.8611	10.29	4.7291	3.9089	4.2017	6.3317	3.7105	6.1969	1.7403	9.3103	5.1318	2.7931	5.842	-0.5332	2.0254	10.1877	5.2184	8.1786	6.3913	3.0411
TCGA-A8-A08B-01	4.809	2.7889	5.9805	6.3125	6.0792	6.1898	1.3109	5.4806	5.4536	7.9187	6.8805	2.8219	5.7921	5.124	4.7055	10.7236	4.4317	4.6977	3.5669	5.9418	2.3423	6.1573	2.6647	9.0464	4.9778	3.0671	6.0824	2.409	2.5924	7.5736	4.7448	7.583	6.8097	3.2267
TCGA-D8-A1XJ-01	4.8744	3.3993	5.7154	6.2281	5.1223	6.4999	0.9716	4.1612	5.8118	7.7384	6.5762	4.0892	4.6888	5.2604	3.6838	10.4536	5.3733	4.2654	4.4357	5.5404	3.2112	5.2126	3.3061	9.8436	5.8397	3.8002	5.7785	0.2522	2.4359	8.959	5.3045	7.3222	6.6498	3.2557
TCGA-BH-A18U-01	6.0337	2.5061	7.4559	5.498	6.102	5.6528	1.8564	4.197	5.6874	5.859	6.5506	4.2743	5.7453	4.6634	4.4673	10.9544	4.889	4.5066	3.573	5.6837	3.5324	5.1449	3.1717	9.3105	5.6375	3.6714	5.3356	0.4761	3.1971	9.3482	4.3499	7.3494	6.5729	2.4883
TCGA-A7-A5ZV-01	5.7677	2.8897	4.9036	5.5264	4.9644	6.3259	2.1894	5.0317	4.9915	9.3906	6.4315	5.4233	6.6054	2.7805	4.7247	9.2362	5.8812	5.2873	2.9544	6.9339	2.6302	4.892	2.128	8.9103	5.7898	2.7073	6.2367	2.5996	2.0569	7.5185	5.1211	6.6332	8.5584	1.5415
TCGA-AN-A0XN-01	5.1486	3.9147	7.1209	5.4216	6.1573	6.204	2.183	3.8105	5.797	6.7681	6.1855	5.1595	5.9718	4.5367	4.1086	9.8478	5.2601	4.3184	4.2803	6.4229	3.3842	5.2468	2.3816	9.1286	6.1106	3.5498	6.2681	0.8726	1.2147	7.6164	4.9165	6.3051	6.8426	2.8838
TCGA-BH-A0DZ-01	4.8575	4.5516	7.3196	6.3503	6.6001	7.0643	2.081	4.6548	5.8729	6.9005	6.4791	3.5523	6.4557	4.9505	4.0892	9.6013	4.7038	4.4101	3.5523	6.4153	3.2602	4.8763	2.5972	9.8654	5.1843	2.9655	5.8795	-0.2159	1.2815	6.9534	4.851	7.6291	7.4122	2.233
TCGA-AN-A0XU-01	6.1855	2.6371	6.8388	5.546	5.5085	5.8851	2.1798	5.3519	6.6645	6.2485	6.5947	4.1211	5.0246	4.4562	4.6136	9.3718	6.2236	3.0428	4.5123	5.8256	4.6376	4.9814	1.412	9.2065	6.5718	3.6347	6.8019	1.1897	2.3649	6.3968	4.6525	5.5261	7.1433	3.6894
TCGA-A7-A0CJ-01	5.4838	3.5324	8.232	4.2103	6.2077	6.3968	2.3564	4.3299	6.2032	6.1062	7.6118	4.0653	5.7156	6.6107	5.5946	10.4607	4.5002	3.7688	3.1717	5.8382	2.9581	4.5491	3.1442	8.5347	6.7217	3.4088	4.8832	1.4652	3.1556	4.215	4.852	7.2886	6.5765	2.6873
TCGA-BH-A1EV-01	5.0175	2.7657	7.0543	6.8316	6.594	5.528	2.4492	4.6583	5.3541	7.0306	7.0509	3.5436	4.5205	5.4803	5.1206	10.1812	4.3639	3.5923	3.3591	7.1903	3.7259	7.0539	2.6464	9.8754	5.3541	2.9784	4.538	1.5415	2.4279	5.3951	4.5528	7.6793	6.4258	2.7117
TCGA-A7-A3RF-01	6.3642	5.2149	7.2495	6.3266	5.8936	6.1969	2.5363	5.2936	5.3056	7.503	5.8097	3.1079	5.8861	7.3331	4.0216	9.6441	5.7541	3.506	3.5815	4.7991	2.8442	3.6172	3.7992	9.1735	4.1384	3.4304	5.2657	-0.7834	2.8341	6.9839	4.9737	7.6753	7.301	1.7786
TCGA-D8-A13Z-01	5.4741	2.8137	5.6238	6.2157	5.067	5.9167	1.8119	4.5148	6.1148	7.4862	6.8516	3.9299	4.9575	6.3724	5.5395	9.6072	4.7181	4.0427	3.3966	6.5712	3.4464	5.2005	3.2313	9.1914	5.4928	3.4197	6.1212	0.8647	1.7912	7.6446	4.7115	6.972	6.2155	2.9356
TCGA-JL-A3YW-01	5.1006	5.0794	7.2983	5.3245	5.0135	6.3953	2.6464	5.1688	5.437	7.5897	6.142	3.7028	7.0256	4.591	3.9571	9.2199	5.7241	3.9892	3.3759	5.6904	3.2692	5.3583	2.9765	8.9418	4.9996	3.74	6.0182	2.0673	2.2842	6.8081	4.6323	5.7978	7.0374	1.7786
TCGA-AR-A1AY-01	5.1031	2.7357	5.0781	5.0063	5.8311	5.5961	3.2174	4.1539	5.0409	6.6604	6.6025	4.9208	5.0041	5.235	4.8425	10.0698	4.7882	4.2457	4.0636	5.7241	4.0001	5.7586	2.9655	9.3341	4.9463	3.4398	5.9179	2.409	0.8805	5.8212	5.5808	8.0671	7.0017	3.6793
TCGA-B6-A0WV-01	5.0479	2.96	7.7516	5.9315	6.0839	6.049	1.5563	3.9691	5.4165	6.9885	5.769	4.0082	4.853	4.9364	4.4149	10.1343	5.5138	4.5687	3.8279	5.0113	2.8096	5.1883	2.6873	9.5161	4.7619	4.2465	4.7924	-0.0425	3.0927	8.8698	5.5898	7.8823	6.4581	2.9469
TCGA-OL-A97C-01	5.5142	3.773	8.1694	4.81	6.3176	6.8315	2.826	4.7027	5.3813	9.4798	5.7458	2.9911	6.6466	4.9524	4.2258	9.0935	4.9137	3.2692	3.2647	5.7751	2.9128	4.957	3.1129	8.5358	3.866	3.6703	5.3646	3.136	2.3508	6.6998	4.7474	5.4246	7.0108	2.7487
TCGA-A2-A0T0-01	5.4128	4.2578	6.4301	5.014	5.0282	7.0263	2.1411	4.2212	5.9964	7.0813	6.8625	4.5104	6.5917	5.0519	4.2877	9.9506	4.5199	4.4758	3.5362	4.6508	2.8661	5.7777	2.8117	9.5122	4.5268	3.8886	6.0014	1.4859	1.4808	5.5635	4.9704	7.3038	7.1709	2.7805
TCGA-A8-A075-01	5.1692	3.2587	7.0927	5.9746	5.5555	5.9575	2.0707	4.7613	5.1899	6.8508	5.7801	3.9232	5.1098	4.7971	4.2906	10.2865	4.6977	4.6583	4.1277	6.4052	2.9413	5.1736	2.9338	8.7818	5.5802	3.1062	5.0068	1.0007	1.8879	8.0783	4.5583	8.2909	6.7316	3.0127
TCGA-E2-A1B0-01	5.2165	3.4331	7.6016	4.8197	5.1768	5.6139	1.4756	4.3263	5.861	7.362	5.1627	3.7443	6.9289	4.3399	4.3463	10.0794	5.4303	5.579	3.9099	5.725	3.8075	4.3002	1.7617	9.485	4.853	3.9468	6.0444	-0.7346	1.595	9.083	4.6747	8.5253	6.1119	2.9655
TCGA-A2-A0YJ-01	5.701	2.2206	5.7978	4.7772	4.8807	6.357	1.8801	4.7181	5.993	6.4333	5.5491	5.0743	5.8741	5.5796	4.5958	9.5544	5.2196	4.01	4.8748	6.1441	3.417	4.298	2.9984	8.9487	5.5078	3.0706	6.0862	1.4704	0.4761	6.6658	5.658	8.8702	6.0843	2.7572
TCGA-D8-A27F-01	5.2358	3.5461	6.5258	4.2714	4.9584	6.2013	2.7993	4.706	5.7788	6.1977	5.4922	4.7088	5.9098	4.7242	5.1322	9.4773	4.2818	3.2752	4.2518	5.7911	2.7657	4.4771	1.9452	8.7662	6.9317	3.9792	5.9153	1.5064	2.043	6.3714	5.336	7.8674	6.9487	3.4007
TCGA-BH-A0EE-01	5.3256	4.917	6.6966	4.4556	4.3306	6.8358	1.4808	5.1453	5.6268	6.6411	7.9017	3.5224	5.4992	5.166	3.6172	9.5498	4.9695	4.4693	3.1212	6.0195	1.5415	3.2267	2.2842	9.5247	5.9319	3.7313	5.9807	1.0573	3.1045	7.5886	5.2231	7.5721	7.1068	2.1766
TCGA-A8-A06R-01	5.0246	3.2766	6.6557	5.7869	5.0383	6.1104	2.2603	4.5705	5.8992	6.2704	6.7589	3.1393	6.0332	5.6848	5.2304	9.2358	5.2788	3.8611	3.0944	6.3816	3.6894	3.9728	2.4439	9.3915	5.9303	4.8435	5.131	0.3115	2.1702	6.035	5.7063	6.9147	6.5959	2.578
TCGA-AR-A1AS-01	4.9746	2.694	6.9799	4.5705	5.66	6.0007	2.2842	4.7307	5.6203	6.2234	6.7601	4.6674	5.0374	4.47	4.6451	9.9665	5.1211	4.8192	3.6894	6.1815	2.1988	6.3187	3.7421	9.1024	3.9599	3.5124	5.5355	0.2029	2.1313	7.6577	4.9449	7.0559	7.5811	2.233
TCGA-C8-A27A-01	5.4253	2.6138	5.5952	6.6964	5.3187	5.0739	2.2813	5.0828	6.6503	2.7007	5.9514	3.6347	4.6916	6.2275	5.1285	10.4393	5.7605	4.1732	4.8445	4.756	2.9929	3.9626	4.0162	9.2259	5.6372	3.9728	5.432	0.9568	3.8964	7.4099	4.835	6.2917	6.1701	3.3061
TCGA-BH-A0BL-01	5.0721	3.0145	6.1054	5.2434	6.6888	6.443	3.1062	4.3951	6.1845	6.505	5.9282	3.9709	5.1404	4.4216	4.6933	9.03	5.7926	4.0943	3.7149	5.6876	3.3979	5.5574	2.0218	8.5918	5.842	4.1359	6.5569	0.9191	2.3508	6.0957	4.0313	6.2559	6.6943	3.3731
TCGA-E2-A14Y-01	5.0072	4.576	8.307	4.6183	4.7132	6.2474	1.5709	4.4647	5.7632	9.4501	7.9699	3.772	6.3351	4.2434	3.9459	10.5387	4.0216	3.4129	3.3421	5.2285	3.7378	4.2751	2.4412	9.2033	4.9303	3.2328	5.8001	-0.2498	1.2696	8.2409	4.6189	7.6485	6.4031	1.8524
TCGA-GM-A2DB-01	5.3223	5.7115	5.8066	7.2856	5.7512	6.2489	2.4571	5.5714	6.5959	8.2787	6.8563	2.081	6.4476	4.8002	3.9318	9.0843	5.2126	3.6838	2.0844	5.4578	2.8582	2.9262	2.1378	9.0153	5.3995	4.0144	6.304	-0.4719	3.7182	7.5757	4.3639	5.8169	6.4943	2.043
TCGA-A8-A094-01	4.7187	3.8769	5.7052	5.5435	5.9425	6.7063	1.1833	4.511	6.0708	6.8391	5.5979	3.4224	4.7367	5.257	3.8561	9.515	6.1524	5.1301	3.6335	6.8536	3.4102	4.0375	2.0707	9.5754	4.245	3.8541	5.4219	-1.6394	2.7007	8.4172	5.5367	7.6795	6.9956	2.5011
TCGA-AR-A1AP-01	5.6882	2.0569	7.8723	5.1437	5.3288	5.8235	2.043	5.0558	5.5635	7.2846	5.904	3.0723	5.8184	3.4398	4.504	9.016	4.975	4.041	4.2855	5.2269	2.2663	7.3933	2.3536	8.4703	5.8061	3.8136	5.7512	0.2154	1.9111	8.7913	4.8978	7.6579	6.0041	2.5634
TCGA-E2-A153-01	4.9313	3.2737	7.6717	5.1375	6.0301	5.936	3.0533	4.0109	5.5345	7.2246	6.3542	4.1466	5.2208	3.9403	4.499	9.6584	4.8218	3.5098	3.2065	5.9444	1.7995	5.6253	2.8542	9.1292	5.5075	3.506	5.5952	0.9642	2.3135	7.8474	4.691	6.9284	7.0661	1.9377
TCGA-C8-A137-01	4.6651	2.9984	8.0189	5.0717	6.1381	5.686	1.4652	4.9621	5.7924	8.8147	5.6174	3.4477	5.5491	4.4324	4.4647	10.2117	4.8365	3.8461	3.6543	6.1898	3.4868	6.8021	2.3479	9.964	4.6399	3.9118	5.4761	-0.3752	1.3397	6.0826	4.686	6.3908	6.1932	3.027
TCGA-E2-A15T-01	5.0086	3.154	8.9813	5.1506	5.3934	5.6378	1.3109	4.6634	5.5383	5.4973	7.0808	3.8289	3.9765	6.0837	4.9303	9.167	4.5663	4.2165	4.5318	5.5662	2.8462	6.3901	2.4279	9.1398	2.7117	3.716	5.3245	0.6608	2.4701	7.0115	5.1619	7.9243	6.2311	3.2959
TCGA-E2-A156-01	5.6288	2.2813	8.267	4.6035	6.9094	5.963	2.2813	4.7318	5.7544	5.5684	6.3693	4.5916	4.4443	4.7898	4.8881	9.0656	4.5922	4.5286	4.2165	5.3699	1.9786	4.6787	2.7508	8.2079	1.5465	4.5311	5.1227	1.0007	3.0145	8.3988	5.3834	8.2013	6.4251	3.4277
TCGA-D8-A1XK-01	5.3803	2.6255	6.6786	3.8739	5.8465	5.393	2.4649	5.1966	5.6367	8.0096	5.673	3.9746	3.871	4.4719	4.2571	10.4048	5.2947	3.6463	4.7474	6.2064	3.2988	5.0739	1.4228	9.1767	5.4809	4.0722	6.4829	0.7579	0.8408	7.3292	4.8465	6.9011	7.016	3.0056
TCGA-AR-A1AI-01	5.6465	3.5161	5.2219	5.8349	6.1755	6.2954	2.874	4.8535	5.9681	7.9962	6.0219	3.0481	5.3646	4.7296	5.0268	10.4055	4.9964	3.506	4.2958	5.1123	4.4509	4.2389	1.7995	9.1996	5.0601	3.9792	6.5881	0.5069	0.688	4.5466	4.6882	7.0847	6.2075	3.3717
TCGA-D8-A1JT-01	5.3681	3.154	7.5277	7.4137	5.1211	6.5494	1.9601	4.3046	5.7407	2.7073	6.6146	3.2811	6.1469	5.4196	4.366	9.4665	5.168	4.437	3.8279	6.6131	1.9601	3.417	1.8762	8.0878	5.4871	3.7919	5.1219	-1.685	3.5645	9.6704	4.9093	9.1187	6.7347	2.0254
TCGA-D8-A1JG-01	4.5161	3.8788	6.546	5.3241	5.8138	5.7043	1.1447	4.5796	5.4246	5.9091	4.9108	3.6195	5.9282	5.9108	4.7991	9.3202	5.2795	4.479	3.1987	6.1471	3.7529	3.3163	3.6497	10.0111	4.5644	3.7138	5.9418	-1.0559	1.8564	8.1527	5.6773	8.2946	5.8578	2.9911
TCGA-C8-A12O-01	5.1704	2.3251	6.7807	4.2072	5.0773	5.2676	1.614	4.435	5.6271	6.3472	5.8233	4.2609	5.562	4.8223	3.8391	10.5243	5.2388	4.0233	3.4556	6.5883	2.694	5.4848	2.1313	9.3508	5.79	3.7182	5.1469	-1.5951	2.6161	9.4071	4.8274	9.6467	6.8233	2.0254
TCGA-D8-A1XS-01	6.1002	2.6114	7.5087	4.3972	5.4456	5.8914	2.362	4.2781	5.6311	5.9175	5.5656	3.483	5.1165	4.382	4.2165	9.0266	4.9519	4.17	4.2586	5.8189	2.1313	4.1644	1.6093	8.1048	5.24	3.5863	5.5744	0.6969	2.2082	10.1331	4.8973	9.7879	6.3221	3.2677
TCGA-A2-A0T2-01	5.7666	3.6428	5.7913	5.849	6.5518	6.4626	3.8935	6.08	5.4169	9.7271	7.1028	3.2826	6.4248	3.9041	4.061	9.6291	5.5883	3.4437	2.043	5.6862	1.9601	4.0127	1.884	8.7555	3.9412	3.1228	7.3666	-0.6193	1.3623	5.7887	4.6399	6.2972	7.5661	2.3732
TCGA-AQ-A04L-01	5.7426	5.0943	7.0271	5.3027	4.7274	4.9589	1.7617	5.1543	6.0052	7.1352	6.4204	3.449	4.6921	4.0584	4.6456	10.5674	5.2814	3.9431	2.6019	7.2799	3.2481	4.0153	2.2268	8.3954	4.3862	3.2973	6.0266	-0.7588	2.1378	8.0435	5.1811	8.6955	6.5143	1.5266
TCGA-AC-A5EH-01	4.9991	4.7448	7.2273	5.225	5.6927	6.0235	2.6647	5.172	5.0396	6.7784	6.4829	3.8023	5.0436	4.7421	4.1078	9.0747	4.8615	4.5205	3.8571	5.98	2.1378	4.7431	2.9875	9.0449	4.812	3.4971	5.4426	0.3115	2.1476	7.6216	4.9741	7.2572	6.9548	0.7916
TCGA-A7-A4SE-01	5.2869	3.5424	6.79	3.7453	4.9846	5.3569	3.9041	4.9117	5.55	7.6638	5.6985	4.0322	4.9156	3.6905	3.7182	9.3421	4.6089	3.6861	3.8289	5.3377	3.5559	4.4647	2.6783	8.6548	4.9412	3.7539	5.9023	3.3364	1.7097	7.4389	5.1538	6.8397	6.8088	2.8542
TCGA-3C-AALI-01	5.3071	4.5079	7.5082	4.1883	6.2056	5.9369	3.5324	5.8306	5.1575	7.0775	6.3544	3.0481	6.6317	5.2721	4.445	9.0472	5.3481	4.7464	2.9637	4.748	1.9786	3.6125	2.5061	8.0175	3.6277	3.6566	5.6439	1.4281	3.3206	8.0668	4.3896	5.9319	6.6993	1.9415
TCGA-EW-A1OW-01	5.8166	2.9765	5.3639	3.8759	5.6271	6.4666	2.8858	5.2521	6.0917	6.4406	6.1212	3.6463	6.0924	3.868	4.2373	9.4715	5.2814	3.8167	3.5098	5.353	3.8013	4.511	2.6114	8.6806	5.1231	3.9515	6.4084	2.081	1.1316	6.0494	4.3356	7.3441	6.7848	3.5766
TCGA-E2-A1LL-01	5.3126	4.0488	6.6805	6.0477	5.3169	6.0507	2.7183	4.6713	5.7573	9.7202	6.5446	4.9819	3.0688	4.4582	4.1069	10.7636	5.8565	3.3407	3.3814	5.8092	2.9839	5.3792	3.2796	9.1932	5.1819	3.0961	5.9477	-0.3383	0.1903	6.4907	4.1515	5.8017	6.9234	1.6234
TCGA-D8-A1XT-01	5.1219	3.5035	6.1428	5.4121	5.6862	6.4016	2.5511	5.0122	6.0779	6.1117	5.5466	3.1475	5.8495	4.8177	4.986	9.5802	6.4885	3.9089	4.1178	6.5367	2.828	5.2453	2.1988	8.5391	6.1496	4.2095	5.8533	0.2762	1.6875	4.9322	4.0144	6.1544	6.3808	2.9692
TCGA-AN-A0AJ-01	5.3886	3.4183	6.1705	5.9552	4.844	6.1025	1.2992	4.0782	6.6455	5.0657	6.3372	3.6816	4.8545	5.093	4.7209	10.591	4.7077	4.5129	3.864	5.6557	2.8422	4.3951	3.4464	9.7624	4.8064	2.8542	6.297	0.5955	1.7954	7.4057	4.4713	7.4834	6.5956	2.5658
TCGA-AN-A0XV-01	5.2983	3.4034	7.9835	4.6195	5.0972	5.6614	2.0218	4.8827	5.9108	6.1993	6.3723	3.7539	5.8711	4.0073	4.3737	9.216	5.8354	3.7518	3.1604	4.9165	2.7422	5.5531	1.8996	7.555	4.5547	4.3378	5.7309	-0.2498	3.074	7.391	4.466	9.7485	6.0025	3.1409
TCGA-BH-A1ES-06	4.2563	5.178	8.3333	5.9519	5.2821	6.6881	1.7575	6.0126	5.7759	7.6983	5.4023	2.9655	6.6278	2.3135	4.3306	8.767	6.2321	3.7667	3.9929	5.6773	3.3407	4.8324	1.9895	8.1241	5.1235	3.0876	6.15	1.1447	1.7229	5.1627	3.705	7.4061	7.0839	2.1925
TCGA-E2-A152-01	5.3216	4.0278	6.1463	5.1102	6.9765	6.9483	2.4359	3.992	5.2044	5.5142	6.2752	3.1604	4.951	5.425	4.4615	9.0883	5.7874	3.2944	2.5213	6.3632	3.5086	4.7148	3.1475	9.5375	4.9773	3.7709	5.3551	0.7233	2.9507	5.6565	4.4108	7.0273	6.3686	2.5804
TCGA-E9-A1NI-01	5.9411	3.5086	7.4228	4.6053	5.3855	6.1054	2.8462	4.7165	5.1494	6.7343	7.0802	3.3278	4.6606	4.6404	3.9327	9.4443	4.812	4.0901	3.4088	5.6317	1.1641	4.4874	2.6185	8.384	4.8783	3.2944	5.4627	1.1577	2.5585	8.9957	4.4509	7.4046	6.9027	2.4675
TCGA-A7-A6VV-01	5.714	3.309	6.2979	5.0597	5.5756	6.4932	2.7183	5.1486	5.1997	7.9888	6.6218	3.8075	4.6983	4.197	4.2212	9.69	5.4932	3.3278	3.2405	4.9141	3.1062	5.4706	2.128	8.5875	5.1895	3.7529	6.1833	1.4911	2.0325	5.8568	4.3869	6.2114	7.0715	2.3871
TCGA-E2-A159-01	5.4506	3.2236	5.2721	5.5537	6.0061	6.1719	2.685	4.8992	5.1119	6.2313	6.676	3.7182	5.0077	4.6702	4.3695	9.1676	5.623	4.0739	3.755	5.2219	3.5349	4.322	2.1638	9.5269	5.3356	4.2847	5.8128	0.7233	1.8404	6.5609	4.2189	7.0144	6.1524	3.0825
TCGA-BH-A1FM-01	4.9482	3.1523	6.7423	6.0242	6.1619	6.0424	1.9564	4.1409	5.9432	2.6738	5.6676	4.4443	3.5923	3.5899	4.6485	9.746	5.7618	4.433	4.3744	5.6482	2.1988	4.764	0.6145	9.432	7.0309	4.4739	5.9503	-1.1811	3.0323	8.1855	4.8263	8.5208	7.1446	2.7721
TCGA-AR-A0U4-01	5.2064	3.6669	6.6025	3.7804	5.634	6.3856	1.6512	4.7719	5.4087	6.9104	5.2099	3.795	4.8704	4.9828	4.1425	9.35	4.6136	4.3421	3.7028	6.1357	3.0498	6.194	2.5756	8.962	6.4425	3.4958	7.2283	-0.5332	1.7229	4.9141	5.4165	7.3674	6.9821	2.4035
TCGA-A7-A4SD-01	5.3064	2.5213	5.6554	6.6004	5.407	5.2361	2.9338	5.2161	5.3292	7.5429	6.431	3.8167	4.8575	3.5111	3.7421	9.6957	5.079	4.6949	3.5923	5.1547	3.3869	5.1571	3.0376	9.2355	5.6471	3.3278	6.4135	1.7229	1.6327	6.2365	4.4732	6.0392	6.238	2.5036
TCGA-BH-A0B3-01	6.0879	3.0181	6.1359	5.588	5.8217	6.1971	3.0092	4.3256	5.753	7.48	6.1158	4.3328	4.8017	3.695	4.1053	9.8854	5.0099	4.2243	3.2647	5.2762	3.7028	4.309	2.59	9.5122	5.5451	3.3717	5.7271	-0.2671	1.6785	6.6026	4.1668	6.9245	7.0235	2.3479
TCGA-C8-A26X-01	5.096	3.6417	6.7251	5.1227	5.2292	6.5259	1.7446	4.9869	5.3324	6.7997	6.9684	3.8095	7.4724	4.1867	4.0601	9.0751	4.5796	3.9719	2.4171	6.6243	4.0153	4.8973	3.2143	9.0004	4.0348	3.1442	6.2315	-1.0862	2.1247	7.4895	4.4693	7.4161	6.9112	1.0983
TCGA-A2-A1G1-01	4.8846	3.0825	5.0824	4.5392	6.3299	5.7046	2.5585	4.4304	6.1983	5.197	5.7077	4.8699	3.3883	4.6849	4.8699	10.3163	5.2821	4.2847	4.6651	5.4522	3.5237	4.554	1.9859	9.4818	5.5717	3.5535	6.4113	0.2522	0.4657	7.3517	5.3169	7.2822	6.1607	3.8511
TCGA-A8-A08T-01	5.142	3.9515	6.7965	4.9208	4.8415	6.7508	1.8643	4.573	5.6753	5.0175	6.9553	3.7475	5.5383	5.0122	4.3646	9.615	4.734	3.5887	4.0782	6.1904	2.5112	3.4371	2.9224	8.5582	4.3548	3.2557	6.1922	0.7916	2.3423	5.9718	5.2165	8.4997	6.5917	3.2526
TCGA-AR-A5QQ-01	4.7082	5.9563	7.371	5.1752	4.7877	7.0478	3.1212	5.2784	5.4793	9.2569	6.7769	3.8289	6.1544	3.6266	3.3506	10.5151	5.1429	3.9365	3.2541	4.5079	3.0757	4.8992	3.9765	9.5609	4.5982	2.7161	5.845	-0.3752	1.4859	6.057	3.8837	4.6159	6.9381	0.679
TCGA-A2-A0YM-01	5.2593	3.7237	4.8778	5.2862	5.2365	6.0352	1.9527	4.3765	6.4426	6.4207	5.4809	3.4687	7.4203	4.4906	4.6882	9.2285	4.0001	4.0064	4.4317	5.0488	3.5584	4.4569	2.4805	8.458	6.1229	2.7931	6.5824	0.547	0.5568	5.8958	5.225	8.2198	6.8262	3.6184
TCGA-D8-A1XD-01	6.6047	3.1523	7.2946	6.2705	5.8508	5.7154	2.2299	4.9341	5.8814	5.4826	5.4647	3.7635	3.7762	4.4549	4.4881	8.7599	5.079	3.7464	6.093	5.3678	2.8076	4.174	3.4958	8.3569	4.7919	4.1294	4.9942	0.5271	1.7185	7.2346	5.4104	6.0492	5.9435	3.1653
TCGA-A7-A6VY-01	5.0687	4.0575	5.9677	4.9524	4.8435	6.8586	2.7183	4.431	5.7522	7.8646	5.8402	2.9948	5.09	4.7501	4.6136	9.7879	4.9542	3.9022	3.0706	6.0409	3.1426	5.1161	3.1426	9.3037	4.4732	3.0619	5.9129	1.6281	1.5013	5.6311	4.9074	6.7849	6.991	2.0111
TCGA-A8-A08Z-01	5.2365	3.2328	6.8363	4.8012	5.7934	6.2134	3.0859	4.613	5.6918	5.9993	5.6118	4.6376	4.6451	3.7625	4.4317	9.4287	5.0299	3.8551	4.162	5.8792	2.5036	5.0888	2.2813	8.8584	5.4165	4.2699	5.8278	0.5568	2.2019	6.2506	4.6617	6.3516	6.8845	3.0428
TCGA-A8-A08I-01	5.9374	2.6325	7.6272	4.906	7.2074	5.8233	1.9111	4.1335	5.2056	5.1408	5.2932	3.2267	3.695	5.1098	4.1772	9.4345	5.314	4.433	3.1112	5.6427	3.3421	2.9186	2.8622	8.703	4.7955	3.6566	5.5656	2.5112	3.6077	8.3179	4.3758	7.3073	6.7614	2.233
TCGA-AR-A0TP-01	4.9374	4.3299	5.3886	5.4327	4.6376	5.3104	1.7744	4.0943	5.6433	6.7572	5.6955	3.9783	4.9778	4.5934	5.0858	8.5492	5	3.0825	3.4088	6.5107	4.1211	4.9589	1.4228	8.6877	5.104	3.4197	5.7835	1.9377	3.2096	5.9996	4.6485	7.8654	7.1305	3.3717
TCGA-A8-A06Q-01	6.0706	2.3164	5.8485	4.0064	5.4476	5.114	0.5271	4.8585	4.8575	8.0408	6.5214	4.018	4.6916	4.8228	4.1103	9.0865	3.907	5.2114	3.705	8.4382	2.3843	3.3148	2.1313	8.4415	4.6933	4.5243	5.1974	-0.4719	1.4335	9.6127	5.2146	9.7942	6.9135	2.0254
TCGA-D8-A1XZ-01	5.0824	3.5633	5.9732	4.7203	4.7714	6.0687	1.6327	4.1318	5.7626	4.4503	5.1744	3.3464	5.4536	4.7464	4.1368	9.8801	5.5859	4.4951	4.4006	5.4115	3.1393	3.7291	1.7009	9.5597	4.6118	3.4997	6.1204	0.4552	3.9242	8.0496	5.4196	8.4948	6.2595	3.0533
TCGA-A8-A09T-01	5.7222	3.3307	7.4883	4.4061	5.1127	6.7422	1.2756	5.1989	5.5242	6.1548	6.7085	4.6381	5.1922	3.5436	4.6433	9.3755	4.7176	4.4344	4.0773	5.3136	1.0503	4.6171	2.651	8.4203	4.7997	4.1555	5.2091	-0.0277	2.5036	7.7137	5.2122	7.5648	7.1315	2.1047
TCGA-E2-A14N-01	5.8711	1.8722	5.7269	6.3697	3.6657	5.442	1.0151	4.6702	5.5714	7.5471	6.5597	3.0463	5.4019	4.6999	2.96	9.8557	5.2103	4.3807	4.3356	5.3067	4.9117	3.9709	2.3926	8.3301	5.5684	3.6532	7.1084	0.2762	1.8444	7.3603	5.0295	7.4507	6.9576	2.328
TCGA-A7-A0DA-01	5.3975	2.5061	6.2758	3.6042	5.2381	5.741	2.6895	5.9251	5.0553	6.5317	6.534	3.309	5.9175	4.2593	4.441	8.0636	5.0357	4.4483	4.2743	5.585	3.4129	5.1811	2.4597	8.2316	5.467	3.7061	6.1934	1.8363	3.034	2.9469	5.4627	7.8804	6.3851	3.4713
TCGA-A8-A09N-01	5.3216	4.5361	7.4692	4.7965	5.3917	6.255	0.605	5.0666	4.1294	7.6592	6.2101	3.5498	5.546	4.2312	4.6966	9.479	4.7209	4.6634	2.9128	5.8709	1.8879	3.5633	2.8014	8.708	4.7132	4.1335	4.6212	-0.7108	2.4225	9.3462	4.4236	9.7133	5.9362	1.6649
TCGA-GM-A2DM-01	5.7288	3.6939	6.9987	5.3858	6.0186	5.7377	1.9895	5.0018	5.738	6.6928	4.6944	3.9487	4.1828	4.0269	4.2781	9.5642	5.5097	3.991	3.6928	5.037	2.5338	5.6465	2.609	7.9952	5.5811	4.0584	6.2147	-0.6873	2.1013	7.0415	4.8007	7.1776	6.3975	2.8877
TCGA-EW-A6SD-01	4.3827	4.783	6.7236	5.393	5.3865	6.7342	1.8484	4.891	6.0337	6.4014	5.428	4.0901	6.3422	4.5091	4.7285	8.8299	5.4115	4.7242	4.0679	4.8131	3.1344	4.9505	2.1798	9.2347	3.6451	3.4331	5.4542	-0.5332	1.8444	7.0198	4.8758	7.1353	5.9826	2.296
TCGA-A8-A06T-01	5.8043	3.8461	7.3516	5.4016	4.4364	5.7819	1.105	5.3488	4.9505	4.5669	6.7378	3.1924	5.7151	6.0832	4.2571	9.4238	5.2072	4.6849	3.5199	5.7822	1.614	3.8749	2.299	8.3476	3.0252	4.2103	5.9425	-1.8836	3.9431	9.157	4.9146	8.3018	6.3418	2.8661
TCGA-D8-A1XA-01	5.9823	2.2842	7.6792	4.7033	6.202	6.3033	2.496	4.7825	5.0597	7.4961	5.8607	3.8228	4.7986	1.9822	3.981	9.1632	5.7326	4.4509	3.7561	5.8291	0.8164	6.9394	2.4359	7.8237	4.565	4.3111	4.8248	-0.4521	1.7185	7.4154	5.4512	8.2414	6.7326	2.9525
TCGA-D8-A1XC-01	6.4199	3.335	6.6459	5.3917	5.8153	5.6259	1.412	5.0099	5.5687	4.3492	5.1437	4.1523	3.7773	5.336	4.6502	9.4367	5.4627	4.2189	4.504	5.7827	2.9338	4.2442	2.376	8.3286	5.3813	4.3639	5.7187	-1.1488	2.3816	8.1282	4.7751	7.1827	6.488	2.9356
TCGA-AC-A23H-01	5.383	3.0217	7.3494	4.7603	5.2048	6.6459	0.9935	4.0943	5.4549	7.0079	5.4559	4.7225	5.9908	5.178	4.3148	9.5597	5.9681	5.2262	4.0488	5.5361	3.8915	3.4739	2.8096	9.3983	4.2488	4.3541	4.8115	-1.6394	1.6512	6.8622	4.5047	7.3128	5.9908	2.4492
TCGA-B6-A0I6-01	4.9718	3.5299	5.8485	4.3364	5.382	5.6065	2.2237	5.5744	5.1692	7.9992	5.8545	4.2235	4.7044	4.4732	5.1847	8.6466	5.427	3.3478	3.5086	5.1688	2.8858	5.0751	2.0147	8.5322	5.0108	3.9194	5.76	1.5115	2.7615	6.3125	4.9449	6.2963	7.132	2.6325
TCGA-E2-A14V-01	4.9007	3.0995	7.1194	4.8689	5.3016	5.6244	2.4753	4.4836	5.7816	7.1862	5.3941	2.8014	5.6361	4.7132	4.3213	9.8684	4.8958	3.5779	4.0713	5.5252	2.1638	5.6077	1.8119	8.9439	4.546	3.8023	5.101	0.03	1.5806	8.4149	4.9846	7.8074	6.7096	2.7379
TCGA-EW-A1P4-01	5.3071	3.1685	6.6993	4.3285	4.5473	5.6994	2.1114	4.8084	6.1004	8.4452	6.8886	4.4542	3.8187	4.4887	3.794	10.4062	4.3477	3.7867	4.6866	6.1447	2.9729	4.3869	1.9786	8.841	6.4683	3.9356	6.0383	-0.2671	0.346	7.3788	5.0308	5.8053	6.4335	2.3981
TCGA-E9-A1ND-01	5.4595	1.8036	6.71	4.9496	5.7323	5.822	2.4727	4.506	5.9517	7.0727	5.9869	4.1931	4.576	4.3903	4.0127	9.6	5.4125	4.1327	3.4661	4.7426	3.8551	4.5742	3.4778	9.5046	4.7735	4.3986	6.1542	0.605	2.3592	7.0505	4.8885	5.6364	5.6059	1.8078
TCGA-A2-A3Y0-01	4.975	3.8827	6.3954	5.8284	4.594	7.0481	2.6019	5.3886	4.6972	8.3434	6.5916	3.5047	5.8844	4.1343	4.0392	9.1673	5.3223	4.2593	3.4881	4.7965	2.8622	4.9524	3.6277	8.0872	3.6136	3.5645	6.2538	0.8961	1.2085	6.5946	4.858	5.9035	6.9564	1.2756
TCGA-B6-A0I9-01	6.1496	3.0706	6.7986	4.7619	5.9463	6.2171	1.105	5.2068	5.1014	5.4053	4.9146	3.4075	4.866	5.0862	4.3104	10.0268	5.2506	3.4804	4.3924	6.0644	1.6281	4.8753	2.1114	9.7859	3.9337	3.4251	5.4706	1.0007	2.4332	7.7188	4.001	6.9923	6.3775	4.2111
TCGA-B6-A1KF-01	5.7366	1.4174	5.4957	4.9987	4.8992	6.6512	1.8996	4.2661	6.1873	6.4192	6.0936	4.2072	5.101	2.791	3.6589	8.5536	6.1705	3.9783	3.1162	6.1661	3.8601	6.1855	1.6093	9.3543	3.7138	3.3979	6.3785	1.7009	2.0776	6.8641	4.1875	7.8402	7.3765	3.1701
TCGA-E9-A1NG-01	5.4327	3.3993	7.0066	4.4595	6.356	6.3376	3.0127	4.2381	5.8258	7.6901	6.381	4.404	4.8565	3.865	4.2943	9.5947	5.3162	3.9289	3.417	5.9679	2.5288	5.4771	1.9601	8.9127	5.406	3.7867	5.889	-1.1811	1.3397	5.824	3.9983	6.2815	6.8936	2.6019
TCGA-D8-A13Y-01	5.5829	2.6487	6.1023	4.2465	5.5411	4.3499	1.9749	4.8924	4.8445	5.7428	5.5817	4.2142	3.6101	3.9992	4.8802	8.5509	4.9672	4.5608	4.2389	5.2947	2.874	4.565	3.5875	8.6493	5.6924	4.5693	4.8069	0.9191	4.523	6.5168	4.421	8.3314	7.5745	2.6325
TCGA-BH-A0AZ-01	5.6659	1.949	7.4498	3.3521	4.9746	5.443	2.7444	4.613	5.1223	4.8842	5.9762	3.7752	2.3788	2.7594	3.4034	8.8916	5.1482	3.5827	2.5087	4.4122	1.0007	4.9246	0.1124	7.0897	4.9496	3.2647	6.0206	0.1519	1.8604	6.218	4.2442	4.852	6.4986	2.0289
TCGA-A1-A0SH-01	4.9041	1.6374	6.5454	3.0358	5.4761	5.8299	2.4701	3.9765	5.0862	4.3695	5.0968	3.5535	4.2936	3.5572	3.2313	8.7536	4.7887	3.7667	3.1685	4.8997	0.8568	2.6962	0.8961	7.5151	5.3053	3.4817	5.1351	-2.9324	2.0673	7.6548	5.1044	7.3532	6.6747	1.9034
TCGA-A1-A0SF-01	5.1396	2.108	6.1781	4.131	4.8279	5.3699	2.5828	4.2009	5.5519	7.027	5.5705	2.5536	4.7788	5.2277	3.8827	8.32	4.7033	3.4344	3.0163	4.3896	1.0363	4.1011	1.3679	7.6152	1.6649	3.5224	5.8038	-1.2828	1.8119	2.5238	5.3281	6.8836	6.6183	2.0878
TCGA-E9-A2JS-01	4.9686	1.0779	6.8661	5.7782	3.6405	5.5072	1.884	4.5565	5.1903	3.1426	5.2668	3.2856	3.3952	3.8511	3.8769	8.3788	4.8007	4.3688	4.1676	3.3717	1.7273	3.4739	2.0707	8.4907	3.4726	3.0654	3.668	-2.7274	2.5585	6.6099	4.5053	8.8361	6.7362	2.1957
TCGA-AC-A3W6-01	5.0339	3.1733	6.8043	4.0136	5.1811	6.0034	3.2915	4.9308	4.6376	6.417	6.1475	2.9375	4.2173	3.6928	3.402	7.9977	4.7077	3.6417	2.4701	4.3896	1.642	4.8284	1.6281	7.6034	2.6185	3.0252	5.4673	-1.5105	2.1213	2.4386	4.7693	6.1627	7.0163	1.1117
TCGA-LD-A66U-01	5.1815	2.982	7.4227	3.3464	4.8064	6.3134	3.3549	5.0153	5.2254	6.5621	6.2948	2.1345	3.644	2.9375	3.4596	7.6856	4.1261	4.1359	1.8444	4.166	0.6332	4.026	2.0254	6.9014	3.9108	2.5087	5.3924	2.0569	2.4571	3.9599	4.6	5.505	7.1928	0.1257
TCGA-LD-A7W5-01	5.6693	2.4753	6.2018	3.0446	4.905	6.0843	2.6441	5.197	5.1098	5.4842	4.7756	2.3788	3.4583	4.506	4.4156	7.1999	5.4256	3.6184	3.5899	3.7421	1.7273	4.0977	1.5013	7.4683	2.7249	2.6962	6.3359	-0.394	2.3479	4.4006	4.4732	6.2935	6.0811	2.1925
TCGA-A2-A0CK-01	5.2211	1.8363	7.6078	3.83	5.1788	5.5577	3.287	5.2331	4.9874	6.0396	5.6212	2.7161	4.1228	3.1311	3.4183	7.9109	4.481	3.9108	3.3521	3.8621	1.2516	4.2548	1.3901	7.3702	3.4907	2.9243	6.0811	-1.8836	2.043	5.2574	4.7138	5.434	6.7467	1.46
TCGA-LL-A5YO-01	5.1173	2.6895	4.5571	4.49	3.66	6.0756	2.0395	5.0807	4.7453	4.7945	5.813	2.4675	5.9139	2.3164	3.3689	7.8627	4.853	5.0734	3.2677	4.3492	2.7095	3.0602	0.6425	8.5241	2.7636	2.8641	5.8729	-0.8339	2.1988	6.984	4.0558	6.8988	6.4824	1.0433
TCGA-LL-A73Z-01	5.2597	2.2206	5.466	4.4263	4.773	6.1518	2.7594	4.9851	5.2095	5.2138	5.7549	2.7594	4.677	2.7931	3.1892	7.976	5.1839	4.2111	2.971	4.3848	1.2815	4.1547	1.3283	8.6958	2.6962	3.345	6.1512	-2.4659	2.3135	5.6893	4.2914	6.2194	6.4423	1.2209
TCGA-PL-A8LV-01	4.8156	3.0376	5.3306	3.4739	4.3484	5.3281	3.616	4.6894	4.8435	4.6854	6.0226	3.1095	4.796	2.8582	3.865	7.3782	3.9956	4.2381	2.5213	3.3883	2.0912	3.4661	1.5998	7.8456	3.8739	4.0909	5.3705	0.6425	2.1476	6.5829	4.4115	5.2917	6.5184	1.4281
TCGA-EW-A1OV-01	5.5292	1.5465	5.3075	3.9673	4.5571	5.6109	1.5661	4.4562	5.5699	5.6008	5.8961	2.1247	4.2358	4.7592	4.2266	8.1083	4.5161	3.7149	3.2557	5.2983	2.4412	3.4622	2.0535	7.8975	2.5683	3.2988	5.7957	-2.3884	1.8444	4.9477	4.4108	6.2945	6.9893	2.1313
TCGA-GM-A2DC-01	5.5769	2.5658	8.3147	2.6647	4.7908	4.849	2.5163	5.0592	5.3681	4.1852	6.947	2.0878	3.402	4.1708	3.705	7.1186	4.7469	4.2297	2.5437	2.9929	1.4388	3.3549	3.3119	7.0521	3.2707	3.4726	3.8002	-2.0529	2.791	6.8548	4.1604	8.7732	6.5316	0.9343
TCGA-AC-A8OQ-01	4.7539	2.8858	4.5958	4.5104	4.479	5.6585	2.6647	5.1744	4.9668	6.6869	4.4509	2.409	4.2743	3.0825	3.4398	8.3795	4.2396	3.2841	3.2481	3.4817	3.7072	4.6882	0.8647	7.2687	3.7518	3.3047	5.7562	1.7446	1.9264	4.836	3.7709	5.6893	5.7145	1.7995
TCGA-AO-A12G-01	6.0014	1.4441	7.4726	4.2631	5.0579	5.2958	1.7316	3.9374	5.4121	6.4138	6.3742	2.5585	3.9051	4.5711	2.9618	7.9789	4.6606	3.8847	2.3508	4.0064	1.3283	2.96	0.605	8.4253	2.2051	3.7248	5.2269	-3.816	1.2815	7.1484	5.0157	8.5258	6.6185	1.7954
TCGA-BH-A6R9-01	5.4337	3.1278	6.607	2.6602	4.95	6.1492	3.2781	4.5832	4.6999	7.4878	4.84	3.7149	3.1908	3.002	3.2511	8.5078	5.1384	3.3003	3.2915	5.2732	0.9716	4.2586	2.1247	7.7209	5.4777	3.2885	5.5678	-0.8863	1.2271	3.728	4.0046	2.7508	6.756	1.7316
TCGA-OL-A5D7-01	5.291	1.7575	5.7055	4.9036	3.6125	4.964	2.0254	4.851	5.6221	6.7952	5.4473	1.5465	5.1708	3.3435	3.6018	8.866	4.6804	4.2111	2.7636	3.3134	1.8879	5.2017	1.4388	7.8002	1.6512	2.3337	6.6385	-0.9971	2.9692	4.1425	4.6543	6.1404	7.0528	1.8078
TCGA-BH-A0GZ-01	5.4216	2.2113	6.6429	2.8442	5.2173	4.926	2.5561	4.5614	5.5283	5.4343	6.8305	2.685	4.1351	4.2736	3.2049	8.43	5.438	3.3577	3.1112	4.0696	0.8568	2.7336	0.8883	7.0465	3.6172	3.7593	5.8337	-1.3183	2.5683	4.861	4.5602	6.672	6.6082	1.6187
TCGA-E2-A2P6-01	4.9905	1.9073	7.4433	2.1574	5.1429	5.3042	2.8096	5.2854	5.0875	4.7099	7.7767	3.0876	4.6212	5.3169	3.7678	7.416	4.6854	4.0867	3.3032	4.1145	2.0535	3.6669	1.2815	6.7936	1.9712	3.0876	5.0233	-3.816	3.1095	5.5015	4.431	6.2726	6.8321	1.9264
TCGA-B6-A0WX-01	6.0319	2.4597	5.3053	3.5911	4.437	5.359	2.8199	4.4608	6.0868	4.2033	5.6713	2.6783	4.4582	2.0535	4.0985	7.3363	5.3941	4.096	2.7249	4.4823	1.9149	3.325	0.7407	7.2945	3.8136	3.0944	6.3441	-0.394	2.0465	3.4384	4.9538	6.7886	7.0493	2.7508
TCGA-D8-A73U-01	4.8983	2.8137	5.9667	3.5718	5.1322	5.7937	2.4035	4.6966	4.3848	4.2495	5.4483	3.0757	3.345	3.7919	3.9929	8.1843	4.734	3.7204	3.2065	4.222	3.2707	4.1931	1.3901	7.4175	2.5948	3.245	6.3116	-1.1488	2.6624	5.061	4.3541	5.1831	6.3156	2.3953
TCGA-BH-A0HK-01	4.4115	2.4544	7.0219	3.3506	4.9189	5.0514	1.8879	4.4958	5.3427	5.5844	6.7494	3.5596	4.5687	4.8038	3.4622	8.9453	4.447	3.6417	3.8044	3.9147	1.5998	4.2258	1.0503	7.6643	3.1458	3.3148	4.8074	-4.035	2.2543	5.2502	4.3958	6.9518	5.7167	1.949
TCGA-EW-A2FS-01	4.3148	4.1506	7.7416	2.0111	4.6753	5.0824	2.3308	5.0068	6.0326	2.6043	5.6514	1.7273	4.2001	4.867	4.3883	7.2365	5.6902	3.7083	3.5387	3.9384	1.7273	2.7161	0.688	7.1146	3.8431	3.3464	5.6056	0.8488	2.4492	3.7039	4.7549	6.3621	6.3563	2.2513
TCGA-B6-A0RT-01	5.5085	1.9188	5.9213	3.5009	5.2285	5.4196	2.2144	4.9137	5.0427	5.881	5.3385	2.9148	3.9185	2.7572	3.7603	7.9893	5.1827	4.3031	3.6184	3.2496	2.5536	3.9774	1.0079	8.0322	2.9375	3.4237	6.6495	-2.0529	2.081	3.6691	5.0014	5.5781	6.2095	2.8955
TCGA-BH-A0AW-01	4.889	2.9205	5.1363	3.7846	5.4693	5.7077	1.6695	4.2795	5.0562	5.7466	6.6229	3.3148	4.3306	4.248	3.7302	8.6977	5.3082	3.9992	2.4492	4.4823	1.7575	2.2663	1.1897	8.4843	3.2796	3.242	5.6153	-3.6259	1.4652	6.102	4.691	6.3109	6.6346	1.2455
TCGA-E2-A1LE-01	4.9251	2.96	5.9603	4.1764	5.0691	5.7209	2.1444	4.3938	5.6496	6.2702	5.4637	2.6395	5.3477	3.2915	3.3979	7.815	5.3519	4.1796	3.002	4.497	2.0289	3.47	0.5859	7.3056	4.0313	3.1971	5.3417	-2.3147	1.7912	3.9965	5.0308	5.6212	6.8686	0.9642
TCGA-AR-A2LJ-01	5.7415	2.791	7.2759	3.6417	4.8274	5.7293	3.0723	5.6142	4.6994	7.2635	5.7082	2.7379	3.8531	2.3843	2.93	7.5154	4.5066	3.616	2.1988	3.8551	0.7407	4.2227	1.6695	7.6093	3.1294	2.4701	5.5289	-0.2159	2.1988	6.0726	3.9346	5.403	7.2644	0.1519
TCGA-AQ-A54N-01	4.5398	3.2158	3.1011	5.5626	4.9851	4.1203	3.3787	5.4957	5.5979	8.0505	7.377	1.2934	4.6955	2.9507	3.866	7.3251	4.5405	3.5971	2.299	4.4784	3.3828	3.325	1.5563	6.7178	3.9299	2.3981	6.0527	1.1117	2.5852	1.0503	4.8575	5.5522	6.033	1.0983
TCGA-B6-A3ZX-01	5.5302	2.1213	5.2795	4.1019	4.481	6.4666	2.2573	4.9982	4.8309	6.764	4.7033	2.0183	3.4116	3.0463	4.0037	8.542	4.756	4.1748	3.091	3.7127	2.6302	3.449	0.4657	8.0733	2.7073	3.0842	6.755	0.0718	2.4252	3.0252	4.7971	5.3449	6.5827	2.328
TCGA-C8-A138-01	5.172	3.6838	4.9426	2.7951	5.0553	4.8258	2.5437	4.6645	5.591	5.3868	6.5601	2.4544	4.7835	3.5875	3.0568	7.796	5.0095	3.9838	3.4477	4.5154	1.5064	2.6278	1.3735	7.0678	3.3506	2.694	5.5201	-2.3147	2.9186	7.1243	3.7324	5.8733	6.5389	2.05
TCGA-A2-A04U-01	5.8684	2.8701	4.0055	5.044	3.492	6.4388	1.7954	4.7735	6.6352	6.7862	6.3429	1.4547	4.891	3.6566	3.5086	8.9319	4.0782	3.4543	2.8158	4.1236	3.3605	2.8562	0.8883	6.9177	5.0108	2.8055	4.4443	-0.8339	1.3623	5.9589	4.6462	4.957	6.4423	0.1257
TCGA-BH-A42T-01	4.841	3.1987	7.3118	3.4609	4.2884	6.2834	2.1734	5.2788	4.7274	5.005	6.0683	2.6962	3.2189	3.3605	4.079	7.7476	4.2803	3.3492	3.7302	4.0506	1.125	4.8475	0.7321	7.9815	4.2892	2.043	4.8934	1.5854	1.0779	2.6067	4.2243	7.4858	6.9824	0.8082
TCGA-BH-A0B6-01	5.1784	2.7465	6.7188	4.1441	5.1177	6.1467	1.9968	4.2758	4.7033	5.4738	6.5381	2.7465	2.9984	4.3097	3.3061	8.3713	4.9819	4.1433	3.0637	5.1684	1.787	2.3193	1.4704	8.1468	2.3981	3.5791	5.9791	-3.6259	1.683	3.864	4.7176	7.2582	6.5584	1.2023
TCGA-E2-A2P5-01	5.3302	2.4359	7.1632	4.3876	4.546	6.0146	2.4883	4.6317	4.6554	6.7765	6.2132	2.4934	4.4726	2.9747	2.8622	8.7138	4.4236	3.7982	2.676	4.3378	0.1903	4.0471	0.8164	7.6563	2.4144	2.6371	5.1412	-2.9324	2.667	5.49	4.5516	7.3479	6.504	1.5316
TCGA-A2-A0T1-01	4.6428	1.787	5.6597	3.222	3.8269	5.4835	1.7912	4.652	4.864	5.2415	5.951	2.676	5.0947	2.9281	3.0428	8.9913	4.7388	3.1844	2.5828	3.8461	2.1541	4.3104	1.5013	7.4734	3.7421	2.9205	5.1823	-2.1779	1.614	7.563	3.9636	9.0775	6.4405	1.4859
TCGA-A2-A04P-01	5.1198	3.1442	6.9758	2.2633	3.837	5.6398	1.3225	5.1547	5.7192	6.4586	6.3634	2.5011	4.8768	2.828	2.872	8.3121	5.8352	3.5262	2.7993	3.47	1.6785	3.5657	0.5955	6.0815	4.8729	3.154	5.9021	-1.1811	3.8491	4.4906	5.5528	4.6674	6.5373	0.6239
TCGA-AC-A62V-01	5.342	2.4831	6.3203	2.0638	5.0321	5.5744	3.47	4.9246	4.7099	4.4964	5.0597	3.2002	3.4752	3.958	2.8994	8.3774	3.9663	3.833	2.7205	4.9695	1.3623	2.8974	2.036	7.7813	3.7237	1.6649	3.6405	0.2998	2.6738	7.8413	4.0189	6.9445	7.6814	-0.0574
TCGA-AO-A126-01	5.4101	3.3814	7.1676	3.4075	5.2064	5.2068	2.676	5.0009	5.7154	6.7514	6.7702	2.2663	4.0287	3.6771	3.7193	8.584	4.518	3.7773	2.1114	3.9892	0.6145	2.6828	1.1577	5.9179	3.8581	2.4332	5.3466	-2.8262	2.9148	5.7021	4.957	5.2388	7.0248	0.8327
TCGA-AC-A7VC-01	5.3646	2.4144	4.9787	4.0765	5.138	6.0279	3.6324	5.0545	4.2165	6.8943	6.5974	3.7529	4.2196	1.674	2.4779	8.4094	4.5305	3.5633	2.2723	5.1974	1.6281	3.2617	1.8119	8.3266	6.1291	2.2206	5.1306	0.5763	2.1894	3.7625	3.7888	1.1184	7.8101	0.8805
TCGA-AN-A03Y-01	5.2627	0.5955	7.6808	1.1833	4.3191	5.1486	1.9111	4.327	5.0264	5.4771	6.2845	2.4701	3.8935	2.1606	3.2374	8.7608	4.4162	4.2227	4.0082	4.6634	0.0854	4.6921	0.6332	8.3612	2.676	2.8602	5.4456	0.547	2.1988	4.8385	4.9284	9.0059	5.7774	1.9822
TCGA-B6-A0I2-01	5.131	2.1957	6.9667	3.2174	3.2481	5.2631	2.2452	4.6628	5.488	6.2994	6.3282	1.4962	4.892	3.7083	3.6657	10.071	4.1244	3.6872	2.5338	3.4997	2.3649	1.3679	0.346	7.2346	4.3499	2.9071	6.0822	0.2881	2.0707	5.4906	4.8944	5.5252	6.3243	1.0573
TCGA-A7-A13G-01	5.1167447016	1.928657117	6.37529327872	3.66961674347	5.67342311578	4.48755061651	1.64382572555	4.61781204256	4.32949358761	2.77882999676	5.12640470431	3.84710420323	2.00468580491	4.34020686948	4.19684694759	7.64814649492	3.71248260047	3.87254573155	4.38755777811	4.41296896292	2.35250164877	4.26716853073	1.84117860144	6.26256865834	3.04068741169	2.77250806822	5.37895978481	-0.166496307823	3.38804742041	4.55538793835	4.86042927969	7.12313108425	5.26214967097	3.74533890129
TCGA-GM-A2DO-01	5.4654	2.4779	7.0255	3.6703	4.5559	5.0339	2.3193	5.5503	5.7976	6.7528	6.4403	2.5061	3.2481	2.4857	3.772	7.8969	5.1157	4.6148	2.872	3.29	2.5852	3.1844	1.7273	6.9775	2.3394	3.4817	6.2036	-2.8262	3.4331	2.376	3.9185	6.067	5.8299	2.6043
TCGA-B6-A0I5-01	5.5934	3.0723	6.2506	3.9617	5.2036	5.337	3.3235	5.101	5.0387	6.7074	6.8078	1.5612	4.81	2.9948	2.6487	8.2648	4.1756	3.7061	2.2391	4.6497	0.7832	2.7401	1.0433	5.8627	4.4397	2.5948	4.8022	-1.5522	2.3394	5.9619	4.2033	6.1729	7.0122	0.4125
TCGA-AC-A3QP-01	5.3848	2.2872	5.846	4.1086	4.2258	6.0773	3.0859	5.1506	5.0211	7.0813	6.3216	2.3164	4.8395	2.7444	3.4437	8.131	4.4476	4.3793	2.3308	4.4797	1.0573	4.0144	1.5216	7.4696	3.668	2.9375	5.599	-2.3884	2.2082	2.3048	4.352	5.8435	7.3019	0.6332
TCGA-A2-A04V-01	4.951	1.8643	7.5148	3.5657	4.8084	5.4745	1.9111	4.6781	5.3277	4.1498	6.2795	3.1028	4.3576	4.8172	3.9617	8.1248	4.7231	3.551	3.0859	4.2943	0.7999	2.4805	1.105	6.9035	3.695	3.2158	6.0079	-0.9971	1.2696	3.864	4.9575	6.2259	6.5664	1.4547
TCGA-S3-AA15-01	4.8038	2.4701	5.936	2.4779	4.281	5.7918	2.167	4.5589	5.1248	8.3066	4.9146	2.6232	3.6405	3.0323	3.0995	8.3664	4.6206	3.8167	2.376	3.8581	3.6827	4.964	0.8488	7.5755	3.453	2.982	5.9716	-0.7834	2.3816	3.6804	3.795	5.4748	6.3861	1.3956
TCGA-A2-A0EQ-01	4.9165	1.9675	6.2913	3.8481	5.064	5.6525	0.8883	4.4887	5.1595	5.1453	5.079	2.3508	4.4384	3.4868	3.9185	7.8651	5.0475	3.7582	3.47	4.468	2.4727	2.9413	0.7493	8.0164	2.4144	3.3264	5.8156	-3.816	2.6302	6.5601	4.3068	7.1016	5.8192	2.3981
TCGA-Z7-A8R5-01	5.5012	3.1095	6.3556	3.3689	4.8992	6.097	3.2632	5.2464	4.4706	5.9969	6.1729	2.2175	3.1588	2.4412	3.3549	8.3822	4.9987	4.6101	2.2901	3.5523	1.0915	3.7215	1.1512	7.4727	2.8641	2.5804	6.1739	-1.7809	3.1145	4.3534	4.5862	5.1962	7.0331	0.8726
TCGA-A1-A0SB-01	5.0144	2.233	3.7302	3.1079	5.0571	5.6294	3.3278	4.7809	5.7485	6.8591	4.4529	3.1955	3.0619	3.5187	4.5814	7.5409	4.9402	3.8391	3.837	3.6136	1.9264	4.3421	1.1897	7.0566	2.7183	3.6474	5.7785	-1.2828	2.0147	3.0002	4.4706	5.2461	6.1928	3.5362
TCGA-AR-A2LE-01	3.9783	1.8762	7.2304	2.59	5.2814	5.4403	1.2085	4.3986	4.7581	4.1094	6.8149	4.1392	3.0533	6.1179	3.8249	8.2286	4.0497	3.6905	4.0233	4.1069	1.4756	3.8187	1.2209	7.6395	2.004	3.8095	4.8022	-4.035	2.0111	7.0977	4.6809	6.494	5.4246	2.4544
TCGA-AN-A0FW-01	5.6668	1.884	6.4702	3.0978	6.0529	6.0077	1.7229	4.1668	4.84	4.7866	5.1993	3.1844	3.8847	3.2677	3.8023	8.3165	4.6787	4.5436	3.9746	4.067	0.2762	4.4816	1.196	8.19	3.2988	2.9802	4.2987	-2.4659	1.0711	6.1561	4.6236	6.4443	6.8643	0.7664
TCGA-PL-A8LZ-01	5.3086	2.0535	4.6966	3.0791	4.4463	6.0253	2.3788	4.706	5.5383	6.635	5.0374	3.1278	3.4596	3.1939	2.9167	8.3145	5.4845	4.0722	3.5237	3.5174	1.674	3.5073	1.2333	8.0833	4.5286	3.5923	6.3634	-1.6394	1.2147	2.727	4.8274	5.3519	6.4562	2.0638
TCGA-BH-A42U-01	5.4858	4.2056	7.1812	3.7825	4.4176	5.9969	3.4102	5.6059	5.195	5.8724	5.7908	2.5413	3.5935	2.2113	3.4997	7.9927	4.9449	4.0144	2.4198	3.4583	0.9935	5.022	1.1833	7.2884	2.4035	2.909	6.009	-2.1779	2.9109	3.0808	3.991	4.5976	6.9485	0.547
TCGA-B6-A409-01	5.4067	2.5112	4.2173	4.3772	3.7646	6.9539	2.9375	4.5342	5.3245	6.202	5.119	2.3337	4.7458	2.2113	2.824	8.1344	5.7442	3.5187	2.7227	3.4264	1.7229	2.2175	0.9493	8.3988	3.0498	2.5487	6.0233	-1.1172	1.3679	5.0794	4.9663	6.1871	7.5712	1.3225
TCGA-AC-A3QQ-01	4.40230904898	2.89643383395	6.87659325217	2.47988694864	5.11503539121	4.53753851353	2.1038470652	4.62252126605	4.3839454204	4.9469834272	5.56979595445	2.4405518747	3.21039289893	4.02621944378	3.80409140538	7.3633877114	3.73321206379	3.25980912858	3.86083205371	3.54270220188	2.34864080901	3.49903808225	0.882441619941	6.36492767721	3.10030947798	2.74114939822	5.32308745029	-0.166507773417	3.1401195494	6.36825613548	4.39015367064	6.26309403254	6.14652149118	3.71052730661
TCGA-E9-A1R7-01	4.7154	1.105	5.748	4.5034	5.0553	5.3424	0.3573	4.1094	5.1473	5.5955	5.6674	2.7336	2.826	5.4877	4.3321	7.3205	4.3449	3.3119	5.1839	5.4043	1.4174	3.5047	0.6969	7.908	2.9167	3.5669	4.1094	0.1519	1.1833	3.9242	6.1922	4.6809	5.9134	2.7721
TCGA-AO-A03T-01	5.0879	2.9281	6.6337	3.4075	5.1926	4.9505	2.2663	4.7148	4.8744	5.341	7.1083	1.2992	3.4344	4.8395	2.7422	8.3222	5.3263	3.1653	1.7273	3.9636	0.3685	2.3871	1.2756	6.8419	3.4648	2.5487	4.5199	-0.1504	3.1523	6.8134	4.8699	7.2159	6.2296	0.1124
TCGA-LL-A6FP-01	6.2377	2.9948	5.2149	3.837	4.7608	6.6544	3.2018	4.846	4.468	4.4337	7.1266	1.4756	5.131	4.1915	3.4609	7.5178	4.7334	4.366	2.971	4.6253	2.578	3.2781	2.4171	8.1955	0.5859	3.1604	4.9232	-4.6082	3.186	1.4065	4.8475	6.2065	8.0589	0.4657
TCGA-OL-A66L-01	5.1563	3.7324	6.9397	3.3938	4.7383	6.5594	3.3966	5.3934	4.858	6.4451	6.4895	2.1862	3.7028	2.4544	3.6125	8.1959	4.6611	4.6341	1.683	4.0696	0.7748	4.6525	1.7185	7.0337	2.7826	2.362	5.2231	-1.3548	2.7292	2.8622	4.1244	4.7334	7.4195	-0.4521
TCGA-HN-A2NL-01	5.8841	1.2209	3.1426	4.2691	3.9709	4.6497	1.949	4.7856	5.3858	5.1277	4.6571	3.6669	4.2855	3.1228	4.4996	8.67	4.3986	3.836	3.4868	3.0234	2.3953	2.8178	0.679	7.6389	5.1445	3.8827	5.7115	0.3685	2.0569	3.6861	4.2624	5.5024	6.3156	2.1444
TCGA-AO-A0JL-01	5.1835	2.6556	3.7982	3.9965	4.174	5.682	2.3423	4.5129	5.7181	7.5347	5.7827	2.2931	4.4476	2.3193	2.8779	6.9384	5.0519	3.3307	2.108	4.2041	1.7185	3.4424	0.2642	6.0841	3.9308	2.7951	5.436	1.787	3.1733	2.7487	4.4236	6.7787	7.5617	1.5115
TCGA-EW-A423-01	5.0326	2.5213	6.3306	3.5803	5.3944	5.1815	2.96	5.6224	4.9241	5.1518	6.4856	1.5465	3.8769	3.7421	2.6556	8.1934	4.5608	3.6312	3.027	3.6827	0.8568	5.1014	1.2023	6.5267	0.7748	2.7422	4.7236	0.1903	2.5561	4.7677	5.076	5.7055	6.828	1.412
TCGA-BH-A0E6-01	5.2013	1.683	4.5547	3.8876	4.1111	4.8827	2.0004	4.533	6.1701	7.6172	6.1677	2.0147	5.104	3.7237	3.1028	8.2774	4.9227	3.7625	2.3019	3.5608	1.9601	2.9432	1.2815	7.6155	2.3592	2.6624	6.102	-1.0262	2.2452	5.591	4.1883	4.5392	7.8146	0.6699
TCGA-PL-A8LY-01	5.7703	2.4359	6.4306	3.4583	4.6294	6.0211	3.1507	5.0871	5.5283	5.3495	5.9301	2.5536	3.5237	3.3435	3.421	7.8686	4.9421	4.2833	2.9128	3.1685	1.3623	4.2691	1.4065	7.1283	2.3871	2.876	5.8138	-2.1779	2.6556	3.5791	4.4536	5.2664	6.4653	1.1184
TCGA-GM-A2DF-01	4.4919	1.7575	5.5705	4.2958	4.2001	4.6594	2.1345	4.9463	5.43	6.5309	5.4618	1.787	4.5596	2.6533	2.8955	7.8451	4.8207	3.6451	2.4035	2.9375	2.7615	3.6382	1.2147	7.0596	4.9621	3.055	6.0586	-1.4305	1.9188	4.701	3.906	6.7148	6.7112	2.0569
TCGA-BH-A8FY-01	5.8936	4.041	6.8647	3.2572	5.7693	5.6468	2.7931	5.0884	4.9869	5.1639	7.9153	1.7403	3.1195	3.2049	3.835	7.9848	4.0383	3.906	2.1734	4.1684	0.7407	6.3361	1.8879	6.4343	-0.1031	2.7095	5.2728	-2.0529	3.3605	2.3871	4.4263	5.9472	6.4326	0.8726
TCGA-AO-A03R-01	5.0977	1.8918	7.4807	2.2051	4.6335	5.3241	1.8036	4.9055	5.425	5.891	6.8134	3.0654	4.9463	3.8401	2.8381	8.6858	4.4823	3.7453	2.328	3.9223	-0.0877	3.162	1.7097	7.3665	3.9654	2.7551	5.5107	-4.6082	3.3264	5.8294	4.3855	6.9599	5.251	1.2576
TCGA-A2-A4S1-01	4.7893	3.1765	4.9547	2.8137	5.0036	6.4366	3.2205	4.5982	4.0645	7.7173	4.0884	3.5535	4.1883	0.679	2.4571	8.3298	5.0072	3.3647	1.674	6.1946	0.8082	3.9468	1.8078	8.0678	5.6685	3.2328	5.5176	1.5854	2.5731	2.296	3.8095	0.9343	8.687	0.8488
TCGA-BH-A208-01	4.9883	2.1345	6.3716	2.561	5.2114	5.7798	2.4144	4.1053	4.9987	5.2902	5.5186	3.6101	4.1644	2.7444	3.5086	8.4156	5.3399	2.909	2.5658	4.7312	1.595	2.8402	0.1124	7.6507	4.5249	3.7794	5.9704	-3.1714	1.412	5.7222	4.3951	5.3024	6.7465	1.8404
TCGA-V7-A7HQ-01	6.0304	3.2707	5.7589	4.6697	5.0264	5.7391	4.1433	4.9982	5.193	6.2141	6.4981	1.2636	4.4054	1.5165	2.7951	7.6245	4.1788	4.3814	1.6964	4.588	0.1257	1.8957	2.7868	7.0577	2.6715	1.642	4.0977	-2.1779	3.5086	6.2915	4.7846	5.4973	8.0866	-0.3201
TCGA-LL-A5YL-01	5.3352	2.4544	4.1153	4.0162	4.6294	6.0599	3.1393	4.9308	4.9251	6.3901	5.6608	1.6281	4.0782	2.4805	3.3911	8.0679	4.5224	3.7127	3.1261	4.373	2.2113	3.5911	0.537	7.7321	2.8361	2.3953	5.2315	-2.5479	3.2602	4.3184	5.391	5.2854	8.2067	0.4233
TCGA-EW-A1J6-01	4.6905	2.3843	7.5308	4.4764	3.6916	3.6983	2.3953	4.9901	5.7269	2.4649	6.4358	1.5415	3.958	2.9674	3.4007	8.1644	4.9924	4.5286	2.9507	3.2617	0.9419	2.4117	0.7407	7.0147	4.4906	3.5124	5.3335	-0.2671	2.8542	4.8915	5.101	6.6897	6.3272	1.5806
TCGA-AN-A04D-01	5.2536	1.3623	1.816	3.2752	3.7971	6.1131	1.9149	5.0268	5.3234	5.9683	6.5064	2.9052	4.9556	2.0569	3.3264	7.7063	4.7887	2.5828	3.5791	3.0056	2.5061	2.6441	1.4228	6.6578	5.1823	3.4048	5.2331	1.3283	1.7786	3.0056	4.8753	6.2462	7.2747	2.6114
TCGA-AN-A04C-01	5.3377	1.5806	5.9663	4.2281	4.439	6.53	0.7916	4.9991	5.5574	7.0055	6.7992	1.3956	5.9741	3.6872	3.6382	7.5168	4.7919	3.8441	2.5924	3.8541	1.4065	1.4859	0.7321	7.227	1.8444	2.7615	5.3879	-3.3076	1.884	5.4604	4.4887	6.9245	6.6382	1.4756
TCGA-OL-A66N-01	5.2177	3.0305	4.9547	4.0541	5.3202	6.0494	3.728	5.0497	4.7688	8.0377	5.7714	1.8996	4.5693	3.6509	3.1195	7.5838	4.7361	3.2988	1.5013	4.1899	1.884	2.496	1.5064	7.3091	1.2516	2.5313	5.61	-2.114	2.9893	1.8484	4.852	6.3299	7.5907	0.2522
TCGA-AC-A6IW-01	5.4588	1.816	5.0691	2.7594	5.0687	5.2858	3.055	5.3038	4.8485	6.2804	5.8875	3.3647	3.7432	2.9488	3.0791	8.7738	4.4556	4.2165	2.93	2.6828	1.3567	4.0969	0.9343	8.3517	3.3192	2.233	5.6888	-1.5951	0.9038	3.3773	5.0934	6.4466	6.2259	1.3109
TCGA-A2-A04Q-01	5.3726	1.9859	5.8662	3.5994	4.3646	6.0473	2.4035	4.7725	5.4948	6.4278	5.2668	2.2723	3.4817	1.5366	2.9637	8.2224	4.8395	3.9213	2.2299	3.6509	2.5972	3.309	0.688	7.0794	3.9031	2.8779	6.293	-1.5105	1.9034	3.402	4.5736	6.1813	6.3946	1.934
TCGA-E9-A3HO-01	5.6384	1.816	6.1709	2.8442	4.4304	4.4223	2.3926	4.4457	5.0972	3.9175	5.4667	1.9527	2.9966	3.2811	3.4424	7.3779	3.869	4.2025	3.7061	3.2065	0.605	3.6172	1.105	7.1532	4.7735	2.3926	5.331	0.0014	4.3242	5.0401	4.7804	6.3665	6.8566	1.2992
TCGA-LL-A5YN-01	4.6059	2.2603	5.5982	3.7017	3.8136	5.6094	2.667	5.2821	5.0229	5.2869	6.3719	1.4547	4.5173	2.0395	3.5199	7.3913	4.3625	4.3242	2.3953	3.1458	1.2992	3.4451	1.9452	7.7557	1.8918	1.9822	5.2149	-0.3566	3.3464	5.3604	4.8007	6.7811	7.0765	0.1388
TCGA-BH-A0HY-01	5.2165	1.0433	7.5347	0.9862	5.0696	5.4165	1.4756	4.0109	5.243	6.3628	6.0208	1.8282	4.6195	3.6725	3.4318	8.1743	4.6399	3.5187	3.0446	4.6949	1.105	4.8207	0.1776	7.6692	3.981	3.7105	5.1206	-2.8262	1.3167	4.437	4.079	6.6137	6.7935	0.9716
TCGA-AN-A0FT-01	5.3031	2.3508	5.5586	3.9599	3.3814	5.1611	2.1574	4.691	5.709	4.9275	6.1887	1.6785	3.3787	3.5199	2.6738	7.4831	5.0409	3.3979	3.7982	4.5614	1.2023	3.1491	1.1382	6.4338	3.6532	2.3704	5.0427	-1.7809	2.4908	7.3434	4.523	5.7184	6.6789	0.8883
TCGA-AO-A0J9-01	5.1547	1.2516	6.0779	3.8187	5.4568	5.153	2.4623	4.4067	5.7586	5.4456	6.4848	3.7603	3.7116	3.2236	3.2049	7.6804	4.927	3.3675	2.3677	3.6417	0.4125	4.3681	0.24	6.3207	3.9356	2.496	5.55	-0.9971	2.4985	5.5342	4.5148	3.6254	6.5075	1.0983
TCGA-E2-A1LH-01	4.7624	1.5465	4.6747	3.8471	3.9956	3.9765	2.2299	5.2211	4.8699	5.1788	6.5111	1.8762	3.5994	3.1028	3.5124	7.9312	4.8734	3.0671	2.1444	3.4264	2.5972	3.0252	1.5998	7.6375	3.7982	1.9786	6.3599	-0.2159	2.128	4.2297	4.554	6.9515	6.1457	1.9895
TCGA-LL-A9Q3-01	7.1799	2.7379	7.0027	4.3169	3.6994	5.9727	1.9034	5.1668	3.9346	5.2559	5.235	1.0983	4.0969	4.7181	3.034	8.0998	5.4693	3.7324	2.4985	3.8847	-0.2498	3.4856	-0.1665	8.3506	1.7617	2.7292	4.3198	-2.114	1.8683	3.4984	6.2252	7.2132	7.0103	-0.1345
TCGA-AC-A3TM-01	5.4686	2.8661	6.238	3.3952	4.5417	5.7323	3.3535	5.1851	3.8729	6.5809	6.3214	1.6281	4.0171	2.4492	3.1212	7.5859	3.9737	4.1836	2.1638	3.9118	0.6699	3.3379	2.2019	7.0404	3.958	1.9073	4.449	-0.7588	3.1717	2.5363	4.6899	4.891	8.0259	-0.3566
TCGA-AN-A0AR-01	5.2445	1.5758	3.162	3.4183	3.9175	5.3768	1.9377	4.4977	5.5435	6.7781	4.5687	0.9419	4.6247	3.4237	2.8219	5.6433	3.8611	4.1194	3.6066	3.1637	2.0844	4.4377	1.1447	7.1426	1.3167	2.8096	6.0614	0.099	3.2389	5.6619	4.5754	6.6444	6.9281	1.9264
TCGA-E9-A5FK-01	5.4403	2.5363	6.0525	3.2988	5.1161	5.0704	3.1062	4.9654	4.3075	6.1035	6.2752	1.766	4.1128	3.027	3.4318	8.0563	5.0726	4.4536	1.8282	2.9857	1.4174	3.3105	0.6239	7.7237	1.7532	2.4144	5.9213	-1.8836	2.8178	2.6828	4.9951	6.3684	6.847	0.2998
TCGA-WT-AB44-01	4.7523	2.9525	5.7159	3.7072	3.9356	4.497	2.8641	4.852	5.0532	4.9021	7.2283	1.5854	3.7259	3.1924	3.449	8.1822	4.481	4.4006	2.5313	4.5336	1.6558	3.4661	0.8327	5.8322	4.2366	3.1212	5.3917	-2.5479	4.3017	2.3704	4.7431	4.2609	7.1766	0.8883
TCGA-A2-A3XW-01	5.4986	3.7432	7.0785	3.8002	4.2312	6.4114	3.1829	5.2231	4.1867	6.4697	6.2428	2.3953	3.027	2.1988	3.4945	8.3118	4.7485	3.7486	1.46	3.1588	1.0079	3.2707	1.5216	7.1999	1.3679	1.6327	5.8687	-1.7322	2.824	5.2323	4.225	4.4176	6.8254	-0.0877
TCGA-C8-A12X-01	5.7244	2.5487	6.6363	5.3758	4.637	5.1827	1.1833	3.8591	4.3513	3.6691	6.6106	2.1798	3.8551	3.5324	2.5683	7.9032	5.4373	3.2617	3.0074	3.9874	0.6699	3.6184	2.2452	7.676	1.8957	3.1908	4.2427	-2.6349	1.6093	6.989	4.9184	5.729	6.2367	-0.1187
TCGA-OL-A66P-01	4.3779	2.8402	5.9912	3.5791	3.7389	6.291	2.0604	4.9552	4.1078	6.9611	4.8279	2.2175	4.5632	2.9488	2.4252	7.4839	4.5626	3.6578	1.4174	4.3786	3.034	3.2112	1.3791	7.1526	3.1685	2.2206	5.7167	-3.0469	1.6558	8.2829	3.8944	5.2717	6.2438	-0.6873
TCGA-LL-A6FQ-01	5.1867	2.5683	5.6594	4.7033	4.9723	5.9442	3.034	5.0717	3.871	5.8061	5.8428	1.7954	3.5073	1.595	2.8117	7.301	4.2396	4.0153	1.674	3.7248	0.7664	2.4412	1.7828	7.223	1.4808	2.7205	3.6849	-1.3921	2.9205	6.9584	4.2847	6.0173	7.4682	-0.0425
TCGA-B6-A0IN-01	4.6445	1.6558	6.5925	4.1883	4.1327	5.0734	1.7489	4.2929	4.588	4.0841	6.0286	2.5036	5.061	4.4569	2.578	7.7925	5.2438	3.3364	2.0673	3.5009	0.5955	2.753	1.0573	7.5077	2.5683	2.2175	4.976	-2.8262	1.334	6.8481	4.0357	7.529	6.5926	0.6425
TCGA-A2-A0CR-01	5.365	3.4713	6.1669	3.242	4.5675	6.1944	3.0859	5.6642	4.0541	5.8102	6.6678	2.296	3.8431	1.766	3.0978	7.6312	4.5516	4.2025	1.4962	3.2692	1.6604	3.4102	1.1641	7.3201	2.0325	2.0465	5.3799	-2.9324	3.0808	3.1588	4.3421	4.835	7.2582	0.1388
TCGA-LL-A5YM-01	4.892	1.334	5.6642	3.3003	3.309	5.4912	1.9377	5.0631	4.783	4.6047	6.764	1.7828	2.8462	3.5887	2.6325	7.6796	4.8156	4.4317	1.9749	3.0893	1.0363	2.4727	1.6234	7.2206	4.4693	2.328	4.0713	-0.9686	3.9365	4.4549	4.6171	6.1445	7.7939	-1.5951
TCGA-A2-A3XU-01	5.1997	2.0147	4.2736	4.0313	2.108	5.5844	1.614	4.1294	5.0734	5.861	6.4761	1.9073	4.5442	3.38	1.9149	8.6504	4.5559	3.7204	1.7185	3.4197	2.5852	4.66	0.8164	8.2793	3.5124	2.0325	4.8885	-0.9132	0.1903	2.6278	4.2258	5.9533	7.6014	0.9038
TCGA-E2-A572-01	5.7514	3.4933	5.7057	4.073	4.6977	5.8741	3.2511	5.5435	4.6124	6.1875	5.9468	0.8961	1.9749	1.1117	2.5876	8.5453	5.0981	4.3709	1.3454	2.8442	2.3451	3.8054	2.0776	6.8539	0.4657	1.9149	3.449	-2.5479	3.5022	3.002	4.8192	6.5317	7.7714	-0.9406
TCGA-E2-A576-01	4.3917	3.2127	5.061	4.0162	3.8788	5.846	2.6232	4.5085	5.7501	4.287	5.8074	1.4011	4.0875	3.0706	3.8391	7.845	3.8818	3.0619	1.5415	3.9031	0.547	3.1556	1.9073	7.1085	0.7999	2.1798	4.7187	-1.5951	2.8361	3.5349	5.0335	6.1235	7.2746	0.605
TCGA-LL-A7SZ-01	5.625	2.8897	4.3751	4.5167	3.1442	6.1144	2.0979	4.5528	3.616	6.8846	6.3489	1.0151	4.8228	1.614	1.8444	8.1674	4.6101	3.6972	0.8961	3.8421	2.59	1.6875	1.4704	7.8469	1.3735	1.3679	3.9663	-1.8836	3.5669	7.1008	3.833	5.6404	7.2087	-0.3752
TCGA-WT-AB41-01	4.773	2.8117	4.9284	2.5707	3.7507	5.62	2.3394	4.9184	5.0884	5.0175	5.8982	1.4441	3.5633	2.328	3.8541	6.615	5.3719	4.3191	2.5213	3.5535	2.8219	2.5213	1.2815	7.0028	0.8883	1.5013	4.4816	-0.6873	3.0585	3.2174	5.2064	4.6259	7.616	0.7407
TCGA-E9-A54Y-01	3.9856	2.5828	6.801	3.2929	3.9691	3.9223	2.4225	5.5157	4.3807	3.6725	7.3707	1.7489	4.9805	2.1444	2.8422	7.3873	3.7193	4.1103	2.0878	3.9819	-0.1504	2.4544	1.9638	5.6186	3.8421	1.0151	2.6693	-3.458	4.49	6.4385	4.4926	6.1962	7.6591	0.099
TCGA-AC-A3OD-01	4.05563485725	0.712842192919	5.4331544106	2.87990125699	5.28945342174	4.42015833458	1.24791906686	3.8086913294	4.48035097271	3.97243685625	5.85385024118	2.18679140741	3.01987451107	2.94353834504	3.92188573531	7.3685190247	3.77242397601	3.05257266141	3.47181017146	3.23709544055	2.60193670918	3.6808680633	0.548926963739	6.11966876126	1.65305565819	3.16494560466	5.45457038901	0.57822454171	2.10872762025	4.29254637906	4.26356734171	6.497936654	4.5330093927	3.34074201123
TCGA-E9-A3X8-01	4.9644	2.0912	5.6792	3.7215	4.1359	5.4627	3.6428	5.1651	3.3745	4.5844	6.3064	1.4652	4.2457	2.3164	2.5061	7.6644	4.2518	4.538	1.4704	3.9147	0.9935	3.4726	0.5666	6.6506	3.0234	1.9749	4.2631	-1.5522	2.9338	3.5374	4.5123	4.4615	7.6366	-0.4719
TCGA-EW-A6SB-01	4.433	2.1411	3.6972	3.3773	2.5924	5.2638	0.688	4.2877	5.1575	6.3487	5.5895	1.9188	3.97	2.7636	2.7763	8.2744	4.5305	4.5047	2.5948	2.4649	3.6242	3.4034	0.3907	7.408	2.7117	2.7826	6.1018	-2.3884	1.0151	4.0532	4.0549	5.7471	6.3535	0.6608
TCGA-E2-A1LS-01	4.0037	1.9712	5.5865	3.3047	4.3449	5.0501	2.3843	4.232	5.4861	3.637	5.3288	2.8137	3.3105	3.7888	3.6417	7.263	6.0025	3.5887	2.4701	3.5935	2.7249	2.1213	-1.8836	6.6658	3.3647	3.3134	5.5164	-2.8262	0.3115	0.2642	4.2973	5.6494	6.6978	3.3148
TCGA-AC-A2QJ-01	4.6422	3.1876	3.4384	3.011	3.7061	6.3535	3.2766	4.8435	2.7993	7.0322	6.1018	1.9675	3.6417	1.2516	1.7617	7.5793	4.0935	3.4997	0.434	4.4719	0.8726	2.296	2.0742	7.7289	4.1433	0.8883	4.3506	1.105	2.4934	2.2753	3.5424	0.0854	8.2988	-0.8599
TCGA-A2-A3XV-01	4.1708	3.5875	4.2434	4.6177	4.6189	5.7057	1.4065	5.4466	6.5908	6.3503	5.5678	1.8323	5.5898	-1.685	1.6187	7.4011	4.9458	5.3558	1.4962	4.8958	0.6517	0.5271	-0.2328	7.6718	0.9038	2.0183	3.7877	-9.9658	3.9327	8.4734	4.6531	5.1219	6.6473	-1.6394
TCGA-AO-A0JB-01	4.0532	1.4174	5.546	2.5087	3.0654	4.1587	1.3791	5.1522	3.9506	5.082	5.3586	1.1512	4.6118	2.3394	2.2783	6.7901	3.8551	3.1377	1.7532	3.5887	0.2998	2.6693	-0.4131	5.3509	1.5661	1.5165	4.9031	-1.6394	2.0569	6.7457	3.5935	4.7269	5.89	-0.0877

